%YAML:1.2
link2world_pose: !!opencv-matrix
  rows: 4
  cols: 4
  dt: d
  data: [0.607674, 0.786584, -0.10962, -0.081876,
          0.408914, -0.428214, -0.805868, -0.00546736,
          -0.680823, 0.444881, -0.58186, 0.618302,
          0, 0, 0, 1 ]