%YAML:1.2
link2world_pose: !!opencv-matrix
  rows: 4
  cols: 4
  dt: d
  data: [ 0.9662, -0.131414, 0.221905, -0.105914,
          0.0450937, -0.761237, -0.647061, 0.000509444,
          0.253915, 0.635215, -0.729494, 0.351897,
          0, 0, 0, 1 ]
