%YAML:1.2
link2world_pose: !!opencv-matrix
  rows: 4
  cols: 4
  dt: d
  data: [ -0.665381, 0.266086, -0.697484, 0.0211199,
          0.44139, -0.613305, -0.65506, -0.0238403,
          -0.602031, -0.743723, 0.290635, 0.409303,
          0, 0, 0, 1 ]
